//#rank wtime utime stime mtime pcomm gbyte gflop bytes_tx bytes_rx
3 100 99.8354382521925 97.9109844421971 100 100 0 = =
4 99.9967278998507 99.9901656326011 94.2161339421613 99.9961429499875 100 0 = =
5 99.9982677116857 99.8127099364263 98.4074448632691 99.9947929824832 100 0 = =
9 99.9978827587269 99.9003450770249 96.3975973767276 99.994407277482 100 0 = =
0 99.998460188165 99.8443984536004 97.6678618491618 99.994407277482 100 0 = =
8 99.9980752352063 99.9814239726911 94.5057358544533 99.9940215724807 100 0 = =
2 99.9990376176032 99.8301932562465 98.0391856414657 99.9924787524757 100 0 = =
1 99.9982677116857 99.7438693646343 100 99.9922858999751 100 0 = =
6 99.9967278998507 100 94.0286843798842 99.9917073424732 100 0 = =
7 99.9996150470413 99.8046239010094 98.6628257383061 99.9824504224434 100 0 = =


